      1 0.018
      5 0.022
     12 0.024
     27 0.026
     42 0.028
     77 0.03
    132 0.032
    192 0.034
    258 0.036
    347 0.038
    492 0.04
    589 0.042
    869 0.044
   1112 0.046
   1305 0.048
   1781 0.05
   2288 0.052
   2769 0.054
   4029 0.056
   5956 0.058
   8952 0.06
  13404 0.062
  19149 0.064
  27263 0.066
  36632 0.068
  48067 0.07
  61638 0.072
  77196 0.074
  95063 0.076
 116692 0.078
 139126 0.08
 163735 0.082
 189911 0.084
 216061 0.086
 240821 0.088
 270642 0.09
 304912 0.092
 336904 0.094
 369053 0.096
 396367 0.098
 427193 0.1
 466005 0.102
 501507 0.104
 539130 0.106
 577535 0.108
 624246 0.11
 673000 0.112
 727244 0.114
 786159 0.116
 845710 0.118
 902868 0.12
 968063 0.122
1038182 0.124
1114847 0.126
1186858 0.128
1257578 0.13
1326487 0.132
1408598 0.134
1493202 0.136
1578002 0.138
1665631 0.14
1749310 0.142
1833451 0.144
1907983 0.146
1978922 0.148
2048282 0.15
2111707 0.152
2176513 0.154
2245029 0.156
2309260 0.158
2379947 0.16
2438719 0.162
2487285 0.164
2537197 0.166
2580099 0.168
2622171 0.17
2650775 0.172
2675044 0.174
2688198 0.176
2705232 0.178
2711831 0.18
2710776 0.182
2714926 0.184
2716490 0.186
2717885 0.188
2715337 0.19
2702824 0.192
2695939 0.194
2692196 0.196
2683795 0.198
2688059 0.2
2691577 0.202
2671163 0.204
2654600 0.206
2636689 0.208
2618563 0.21
2601582 0.212
2581995 0.214
2555451 0.216
2526456 0.218
2492262 0.22
2459919 0.222
2432301 0.224
2406411 0.226
2382946 0.228
2356449 0.23
2332867 0.232
2312141 0.234
2290831 0.236
2273955 0.238
2255825 0.24
2234511 0.242
2221398 0.244
2202257 0.246
2186559 0.248
2169135 0.25
2152152 0.252
2130481 0.254
2107069 0.256
2084237 0.258
2067737 0.26
2053743 0.262
2044945 0.264
2039542 0.266
2034094 0.268
2038016 0.27
2043572 0.272
2056747 0.274
2069086 0.276
2084481 0.278
2095592 0.28
2102142 0.282
2110389 0.284
2115453 0.286
2119584 0.288
2121001 0.29
2120940 0.292
2124381 0.294
2129003 0.296
2134942 0.298
2138340 0.3
2142331 0.302
2144452 0.304
2150793 0.306
2156336 0.308
2169613 0.31
2176170 0.312
2182010 0.314
2182725 0.316
2181073 0.318
2170176 0.32
2157656 0.322
2142163 0.324
2124941 0.326
2107869 0.328
2093728 0.33
2071406 0.332
2047742 0.334
2020611 0.336
1989811 0.338
1953614 0.34
1910641 0.342
1867617 0.344
1820073 0.346
1776783 0.348
1734835 0.35
1691330 0.352
1650771 0.354
1612396 0.356
1575294 0.358
1535020 0.36
1498722 0.362
1461309 0.364
1426673 0.366
1386251 0.368
1342930 0.37
1301035 0.372
1253177 0.374
1210243 0.376
1161858 0.378
1115283 0.38
1066950 0.382
1023204 0.384
 985113 0.386
 944123 0.388
 907204 0.39
 872145 0.392
 837445 0.394
 804085 0.396
 773459 0.398
 744448 0.4
 715860 0.402
 691862 0.404
 666109 0.406
 642204 0.408
 617460 0.41
 595423 0.412
 574994 0.414
 555802 0.416
 538193 0.418
 521652 0.42
 507324 0.422
 493380 0.424
 480017 0.426
 469774 0.428
 457644 0.43
 448205 0.432
 439254 0.434
 431194 0.436
 423254 0.438
 416531 0.44
 409621 0.442
 403396 0.444
 396829 0.446
 393263 0.448
 387310 0.45
 382050 0.452
 376987 0.454
 371860 0.456
 366079 0.458
 361528 0.46
 355106 0.462
 351073 0.464
 347370 0.466
 342487 0.468
 338449 0.47
 334378 0.472
 329694 0.474
 326466 0.476
 322076 0.478
 320296 0.48
 316611 0.482
 312957 0.484
 308646 0.486
 306487 0.488
 302197 0.49
 299050 0.492
 293867 0.494
 291991 0.496
 287740 0.498
 284862 0.5
 281564 0.502
 277232 0.504
 274411 0.506
 271853 0.508
 266877 0.51
 263884 0.512
 260350 0.514
 257129 0.516
 253450 0.518
 249882 0.52
 247605 0.522
 244061 0.524
 240023 0.526
 236581 0.528
 233595 0.53
 231323 0.532
 227535 0.534
 225301 0.536
 222560 0.538
 219324 0.54
 217061 0.542
 214622 0.544
 210975 0.546
 207800 0.548
 205985 0.55
 202621 0.552
 200958 0.554
 198196 0.556
 196105 0.558
 192309 0.56
 189620 0.562
 186770 0.564
 186147 0.566
 183259 0.568
 182010 0.57
 179937 0.572
 177073 0.574
 175837 0.576
 174793 0.578
 172650 0.58
 170745 0.582
 170875 0.584
 168719 0.586
 167203 0.588
 166660 0.59
 165393 0.592
 165003 0.594
 163782 0.596
 162672 0.598
 162364 0.6
 161388 0.602
 160456 0.604
 159487 0.606
 158728 0.608
 158825 0.61
 158223 0.612
 156937 0.614
 157439 0.616
 155880 0.618
 156146 0.62
 155234 0.622
 155390 0.624
 154310 0.626
 155210 0.628
 153363 0.63
 153746 0.632
 153953 0.634
 153809 0.636
 153352 0.638
 153581 0.64
 152932 0.642
 153369 0.644
 153335 0.646
 153442 0.648
 152986 0.65
 152965 0.652
 153379 0.654
 153128 0.656
 152532 0.658
 152713 0.66
 154131 0.662
 153381 0.664
 153317 0.666
 153720 0.668
 153506 0.67
 155187 0.672
 154272 0.674
 154130 0.676
 153988 0.678
 154598 0.68
 155181 0.682
 155021 0.684
 155125 0.686
 154962 0.688
 154962 0.69
 155006 0.692
 154936 0.694
 155288 0.696
 156113 0.698
 155452 0.7
 155945 0.702
 155963 0.704
 155891 0.706
 156009 0.708
 155821 0.71
 156874 0.712
 156059 0.714
 157364 0.716
 157291 0.718
 157507 0.72
 156160 0.722
 158227 0.724
 157096 0.726
 158035 0.728
 158662 0.73
 159117 0.732
 159551 0.734
 160141 0.736
 161006 0.738
 161680 0.74
 162272 0.742
 163130 0.744
 163228 0.746
 163513 0.748
 164446 0.75
 164874 0.752
 164949 0.754
 166298 0.756
 167497 0.758
 169251 0.76
 169134 0.762
 170371 0.764
 172783 0.766
 172376 0.768
 173688 0.77
 174520 0.772
 177082 0.774
 176936 0.776
 178172 0.778
 179338 0.78
 180058 0.782
 179090 0.784
 180314 0.786
 180718 0.788
 181608 0.79
 181835 0.792
 182435 0.794
 183202 0.796
 184106 0.798
 185220 0.8
 185748 0.802
 186029 0.804
 186787 0.806
 187806 0.808
 188218 0.81
 187941 0.812
 188835 0.814
 190523 0.816
 191498 0.818
 192697 0.82
 192457 0.822
 193293 0.824
 195094 0.826
 196636 0.828
 197987 0.83
 198777 0.832
 199023 0.834
 200482 0.836
 202232 0.838
 204038 0.84
 203336 0.842
 204465 0.844
 204477 0.846
 204802 0.848
 204783 0.85
 204775 0.852
 206364 0.854
 207120 0.856
 207202 0.858
 209243 0.86
 209849 0.862
 211086 0.864
 211760 0.866
 211480 0.868
 214011 0.87
 212621 0.872
 213107 0.874
 213578 0.876
 215221 0.878
 213364 0.88
 211700 0.882
 210452 0.884
 210065 0.886
 209987 0.888
 208540 0.89
 207561 0.892
 206729 0.894
 204867 0.896
 202090 0.898
 200161 0.9
 196937 0.902
 194506 0.904
 190631 0.906
 186848 0.908
 182763 0.91
 176866 0.912
 172808 0.914
 168362 0.916
 162951 0.918
 158015 0.92
 153662 0.922
 148706 0.924
 143393 0.926
 137868 0.928
 131660 0.93
 125314 0.932
 119513 0.934
 113288 0.936
 107204 0.938
 102285 0.94
  95220 0.942
  88789 0.944
  82999 0.946
  77152 0.948
  70240 0.95
  64017 0.952
  58856 0.954
  52555 0.956
  47930 0.958
  43196 0.96
  37973 0.962
  33401 0.964
  29715 0.966
  25401 0.968
  22051 0.97
  19374 0.972
  16930 0.974
  14975 0.976
  12658 0.978
  11009 0.98
   9794 0.982
   7515 0.984
   6117 0.986
   3986 0.988
   2042 0.99
    947 0.992
    427 0.994
    170 0.996
     38 0.998
      4 1.0
